134280960 66 36 129 8 16
70654617200885760 4755801206503243776 2594073385365405696 9295429630892703744 576460752303423488 1152921504606846976
0 0 0 0 0 0
-1
0
3
1035769190394685857 13754993262064556278 15650313085666622520 
0
0 2
14740625760259239087 8452151161883553043 9265770772157499439 9198363204084378839 13504476566414093906 9301346218382704551 9290754780515204561 8800680581859373134 751905742232896126 1276764837361514879 14676590220684598478 12900384735483938285 16422918072937902345 4460124718146408895 14160137508761459525 6061979343930288436 3042413606441040906 4818567500207090820 7359153956699698432 11960261831021752293 6224966241705331206 7033139030371699706 13574382102634653376 17436304399804588277 15319600207083320473 14647121787293874916 12588829952327215516 15464965204233889950 1619824958846626638 13080591475054324869 15193145299510505532 10658818486391575220 4013829834464948054 7340416820411268938 4427964673461783525 3888912534142220596 13998153027900200709 2360224315135169475 13517721353095272665 2308487264638316058 12523003123035581551 14294404960803213430 17902582225262879800 15678752538978437695 4028381767607588459 14548006631949566816 8055695568855787155 1251655893592897309 3074899162230880602 1602682357651327548 12086515546840345662 7240211136857951461 15474735476841354171 6209446649070192576 5216816339667951539 464808834962749172 6325638534790922357 1417069722330986559 5947515020213977631 7749439646209915179 17294792774843443482 11395488366831924163 16489235978799982653 1132161692838577927 
7966937716306608151 17243258232731646640 16078767257305677838 11752115737653277056 6224512680958315202 16553866900209890627 8655888226616940172 794392023850470151 18047162983094022170 1944780922545952007 16426987995531283286 2927658140145938844 11544411088229017076 6628711244888764713 17959815168198973246 12148429611743296862 9361292836360368788 7224127019424890299 5242035682667110925 324219335372541607 15077981236334898292 9803944531907750411 6691625428707616678 864036509891476452 5447851951310579470 16655320955125302433 11671847451442146111 5242136441678387232 16332694472824693483 10713991389063610941 18428817415215420703 2213219051030346047 11468925185485824447 5982337223092514928 16212352982740387651 7897395135401752023 12361664489587128539 9322944580865658552 7998631623598174896 2246042067474491711 1588504181513925991 5725811581186356358 1092765889431608957 12408593222485335789 9878471217509334587 9665545467154011958 18271616270618537133 5918387475622484150 7183733269336866424 13458741499432369612 15398964556691179828 6026785214738837031 3555555920724439370 6312621140835025072 1655331956843838810 14484373205183250595 8452561381306886084 6643413061598562968 17458219155123587951 12119387986067786534 6853765210836735184 6185502804246553839 5014578166727761215 9527809652926236296 
14846307224146353468 11364919600240309721 889510531575225477 4095855105248589035 15660806115193082361 15084162987346650501 5717142079247457794 11419933851488616359 7059598046865916133 4589120433236150570 15622419229027959669 4760131606938626967 14504456177370759515 690320663056310562 18055520198772614250 16176740854226526224 2090289702282693144 16291665344004156134 12119524120438101004 966631660449676090 9824535965494006955 1928580242759977910 15650945645795974805 6489725218795968562 14922841841881354661 12022636921196926343 13907280035168754644 987687830113205302 12786329030393948594 6016626398079629027 18157006623956743641 7609012842859234681 4967566098966051559 4639446569429436396 16780744419674866778 5362809553663410163 6452862453808224510 265378737369905265 7687865079672610618 13065974211906558637 3252292032961395776 16500826678388100907 8545690365946187413 13950162621593979517 6060203007445149991 2995187380684897159 11678469023459416805 1779954045352898042 7575318368711010288 1020351659573062450 11891945020905877974 1456770560297044932 17767564418587870835 7710923096347660801 10272497926727419198 12925003886788881604 8854275436615904754 11139458667253768661 7090055378413412990 3655525336506443329 7156511393654572735 10720795091419593456 6090980059548757832 17975446468871760359 
3812891239240524361 5292434325993209653 6555785512044583995 1021799187057410399 15334669898102910719 14369028704377347356 17633696550988995401 2860002399941786385 736734473814600666 2482294260610839966 11946575110591206987 7016085179254295589 14776732817183903350 291182060078641624 17238960818035573815 6285478740414228714 17621690880516847813 14894604839099229081 452709168802625607 10071234107175722068 14923881191349416811 6956211855588508897 11394452668554706786 4330080004972510671 10484272554836006891 13094692662460423473 12844272048436130300 3554208483170667300 3120601549166901306 2078099630924001955 935761355785143856 8754321102951072804 6912779936207304473 13635250924215758636 12350671485378290446 1226949341898076839 7505827187344263495 2182153015857175076 7145733053803279590 10286327847855669246 1494670253842217009 10402797274246580525 2548330465262795031 2862982895633234138 13390428106108695166 3049269610490898430 17518232201656404985 5964737386680313404 1724968167787767363 7473198091509438827 1992712914330732207 1124801513740836073 2455704334398321074 11939603092710580408 2997538681461407601 11723857164077546542 16397854664374249468 5934285693251753558 8294788331497030361 11188784781863563023 10493628912584676278 7388083676942360618 13986820035260564715 6278587800422152539 
4063917037855538036 1354535514539697326 2653035854915213783 3089335773204137505 9380134001003719547 6397502181876626539 12093085101610831424 12199000184980300583 11011530564494869608 3396543476211762080 4254527516021337828 13013585279016585975 8507253080241743022 12603582697672411592 17958228816847307942 16236886841956580163 11054236843926755110 3363851455525735432 5729671361885740618 9258702534451559077 10978955105311724951 10872566494189414032 17534158458988697035 679128569017220325 3087107258501750407 3377792068581046878 7699306596871208653 939807162799061836 8054548859527865017 14543391941853564949 15827366155324436855 17077812520342112338 18074177083597429957 7729432969771639899 4378048992302344804 13553862017310651570 14664568004423642622 5546096824496868948 7698909054947204002 6175666309604528396 11140042530301253122 12056457386850360212 14792604480463931658 16061264931468391083 11436784086886641193 7849115409797594491 8413711526215611707 12415983999651966325 17316807804529389430 7129554088616767717 3160648425898741551 15928210440904473161 17717881377644261049 14296963146014561992 8638065305107254324 5809233645676617676 5679754643039667168 11270915290768108996 7551196128050482128 10194094259254864795 8811569649585065170 4191130003906000430 13248311940203457834 7796989129228950044 
17953218093342433454 686771979127279514 14294793495279151468 16432577335374809378 18374242267754495153 14627952170175146546 12077637848728770702 5914115710107618131 5800238565527929954 9203431196741784712 3207559990895361699 9069584818906273549 6394107579081847954 8157272592320915317 3015265299082962647 1717938221367269956 236273936042182124 18171531883378045993 8028628835763795343 694980552899346932 7188945704598210133 8662848266745481436 4114097694358807740 15232774051422202810 8888993567149745204 17205801530298380121 4185488372528835440 18038010868652586789 9487830213905610137 8400529426655929309 16403572214499626530 13904616077613642603 11342868192281391657 13653070077891933706 808422163539831817 5553885527951322120 10054753547283935270 11618728672806454723 11151628281720856107 7816852974978045783 16942161703875056250 15405937279406092285 18259712599018731871 5208842282618175461 18224200361031192732 4116981446045110651 13955315136071195044 1047379392066682796 8115668282289260804 17942227588279169246 2605326846537453539 13542964482943630943 11414011908912717141 5409168787007074199 11523941244011401795 18097085422660615164 5313822080150565013 16662901658566622741 5853087231844107150 5763909814714082274 3922535663795352969 1519264758714587932 3721736981313787394 1749845710735257057 
4430998776479927959 2401852634167342362 9717182247399829132 6570572676002389537 15983347590680001436 13754452736646879776 16778298657015822652 12643323514779292545 14948163055306625275 10950628588203770985 5595916682933275751 13883046953108577612 16877317959525828118 3070835457385270685 4792177789571937916 9936483965929711275 2093332133908281780 14523241343556463423 5214661879543375586 2792222608732939562 17949919050721210856 2331331871091049387 15286536761487855051 15544685608391814264 16311011252079721796 16469747557206944215 8129948595684574850 16666131878560685310 6514251655449042190 10384055419177960684 9355350793027334097 9431657005730695791 1811236965441526995 720587440705366384 13613538188344733680 11955152925993484274 363746171965875093 9083950911369236347 1915668562835786070 14737141957063515210 3582390984858439013 13421548915451027654 1711993138114350827 399555639697964912 10429686481142120167 2560212508161071370 18438444137134751785 13974042657327333567 15226981461237836894 7326966346041227032 11904472359483717121 15617731282404005193 11016439999438615085 17256101044248294802 13320725197403921184 3590364503911398886 208121042205959922 711593255739836612 8882505763524991182 1430068987719475477 15843199671380029877 1718326743642380981 17714148676358121777 14940048741026375766 
9962343472200348114 9948501778732586764 1398867008400818383 17523685774011432139 2354704669943016347 1622612264037504468 16235283061447321154 10132809404049136542 8676346274128327154 17084104539892284118 4140294357258181195 8913733940961027664 6719894897307907630 12380088457238199593 16089503959234287898 1287733044180197805 9141506113304291186 4645281362933827849 16229846483198405405 14083480887987343163 118059696590370936 7523817379528823025 14946450690693435856 6816331129240533623 10327408575604816400 4914447404641814668 12816849398503191384 8186721634509911944 8787394445112147437 6463542208189189116 7565718724840473490 16040556423271045963 14403569201618760827 10279770091382337928 1051827938581261100 5799685840841837946 17326399006170927478 3578689616064302747 4254104716037265897 6679443997580703514 8202321390905800768 8954803227126244877 10746151646829540779 14716368282763462048 9356377703627917252 11883407877898045064 11059663781450366405 8620708838894708493 10441984068835148105 10692416095344036540 734899123358396643 14190380240592982237 2779135592948794784 15370981138615944452 9909286163304444015 17100919917947828503 11840293830311381325 13824052577775137568 1076637742160669553 15521764258692331646 4693476546938627690 14596008764196270048 10463464657700725194 11959536283892718047 
18234598368777497949 17490800366957813660 885850325535629201 6437068444275290867 11198515771597521431 2358585272111044586 2485116371077961660 14204608153307993875 17121804111965992751 10845318856576328852 8703476207606270782 14417977537889079849 6411674667751776293 4175522818923774913 7887694315731176449 15439930132805029431 4955945691379521049 8318916031199632795 3949222208195406382 13651599189960835971 8869767453726281938 2276925329468416640 14274948031335804904 8860058385365284610 343954593995585897 13354377535073776009 12949241191441669870 3764206061629689655 6850717912306625323 10176646134454154588 14245914522913722070 3831989073068870030 15449512107581388491 10010183877000545394 13386875282332007405 3930892829103357771 11592990023600504767 4140168063180837066 4154451932457188383 16560371426112758159 13207621146816287181 4771218583839612054 4081798613903922950 6075049554317635840 7322696993193294323 14712535897173389309 10714632579633066031 3397851951555628571 12784278290012464614 5744983615551956477 8529042798575988894 8617413237728089523 3252712855829016317 7902979619182888960 10944359655938495872 4862892421891795375 4921950624639067364 16969530234142293172 8617842889803717617 9338783575296379499 8727754467359224783 14163469193832759789 3258720824131277709 12882232151584779980 
17349604121450483048 16798773229400909094 10913018609576449284 11185926920821394513 18220956745574236851 4050368381928095346 10109661050383407291 17566988101274088668 6140398804708269293 7750422464394338477 1778889631690564060 2520697894908725773 6256158864486327694 13480360426412574725 8667154692450195338 16829126908784578746 9513147470643344318 14074336972791473744 9749460622621446620 13479615245378158095 897513837687878226 8485100774204414590 11045014424970617050 13965125636373105410 8111325153418871791 15510325816876421418 11831521475676899824 3785794487845802224 3184441287826169147 1288387485586149225 443189996653086737 9328186821932634536 4415934770180976916 17126839413940168073 14262104923340600795 12149329676818972035 13154095231296683279 9533864695972371255 2533366549836493023 13086701497693058951 10592364466245170656 388572605529599405 4105637077069602129 16502799769004125676 17376118240974784845 13043246699358174054 5694230630321454691 18265690441660470252 18177686772556073760 17714612578994300320 11377803172603119172 9085105521183583657 8596644309529133090 1519762448018994271 7696922234137495378 44966123118337158 8773290699310843519 5224147239851992115 10734259235180129470 15634942375792489736 2527938312365205330 8949992405983111937 4306882046716721265 12262360319345966556 
4162041566658028319 3365927957000269910 15153163836451490733 9531457691946032979 8357235643660546722 8308505605733516876 17529478637326788749 11155272078455438464 11130767075372154063 12398066567751917484 5633331755614502077 2683282659348875622 1113456648881736224 1339565021704649276 1817491616091203485 14153812803301386069 13846359173291861915 16852487152634164105 11689944775951812901 13149170261511418247 11266531759353899506 11491326689385736284 6623272012505815856 16310249624163609082 11854447492215561554 3950469800287455307 1696846103575207308 16855651486734884068 14177204149222744071 17318216113950120614 8727413768759402112 17379166298738828892 4053185741118995515 3803344014185782221 3716211707240840431 3135994962562269887 17723544393957774325 546241230744420414 5728355409855555948 18326583822680528490 1118014736582281458 2664567523486829192 10083075225765439940 7157112451363039832 935541671576045326 1504633915814419696 7799757328853650598 3473552221488436451 17510344608081385093 3392102078922166123 10805322082157553412 10904207374245207819 8321291342554186309 13179526707924131810 15205272008945971384 7459106683109192640 18064274638835126933 7000788421100373874 7070551364047852096 14197019153562672536 17162743756575955053 17616836819496828458 1728671571982537618 9739026307185649973 
11736745844494800390 9364410564573204887 11606862079442226408 6034628526613237777 10573703426672181270 16250374007842348024 5006354952100692388 13057424174172510513 11974886738106744036 9464682592064374561 11392855120960147024 4525374690254459701 160255169700365106 7429113663116892546 16464250952031260245 11262204660688926550 6809773182719865996 10020579965951529159 8109460413407850161 2455349632369908244 4164423477261062357 8545173650814554025 7622386252833246368 13296261185805302152 2396589284274732874 8018509592578593484 5596199273335244963 13801524793125985249 9928017251361375729 2430043154596624443 11598363569389547446 10520588757887107526 16765479005451369628 3382608355587020159 15965034680444863667 17856058497280486992 15217946727194869581 15636458274020850549 17740566789621618893 10836412966515177068 17364468311009485085 17209647433514224132 8515219380123717702 11268315298918869005 15612737144956609962 3692280494626649500 14657970842636864454 2805027554298929116 18001523066311709054 3681141783927595134 14982706716023151576 1966195570520439874 1431388818118835446 11032935867690489531 330307737538003507 10041629456501686956 13752309213221406975 1845806143894488477 17192542871595878468 13384089960896930105 14490785125816221909 9804758496260224044 9267329386437270340 12156281520355745852 
17444935677892006813 13165561049040323274 6537858775849241831 15004230607172891633 
11831355969430387451 18310009296733554910 5102926586287762952 15358839962010934308 11309851972016739399 17029899016168479443 2320923049357202120 11005772280477726193 
1684679436836304542
0
